4294967294,0
4294967279,26
4294967279,24
4294967279,22
4294967279,19
4294967279,18
4294967279,17
4294967279,15
4294967279,12
4294967279,11
4294967279,535
4294967278,421
4294967294,50
4294967294,180
4294967294,1016
4294967294,27
4294967294,189
4294967294,384
4294967294,190
4294967294,30
4294967294,164
4294967294,163
4294967294,46
4294967294,115
4294967294,387
4294967294,388
4294967294,165
4294967294,113
4294967294,167
4294967294,177
4294967294,92
4294967294,88
4294967294,481
4294967294,93
4294967294,95
4294967294,436
4294967294,485
4294967294,1018
4294967279,165
4294967294,1421
4294967294,81
4294967294,1098
4294967294,11
4294967294,175
4294967294,183
4294967294,176
4294967294,42
4294967294,99
4294967294,76
4294967294,120
4294967294,43
4294967294,417
4294967294,51
4294967294,1
4294967294,444
4294967294,421
4294967294,1419
4294967294,18
4294967294,127
4294967294,14
4294967294,126
4294967294,20
4294967294,13
4294967294,166
4294967294,12
4294967294,104
4294967294,106
4294967294,160
4294967294,119
4294967294,168
4294967294,162
4294967294,82
4294967294,1418
4294967294,68
964,9
964,7
964,6
964,4
964,5
970,8
970,7
970,6
970,4
958,5
958,4
4294967294,1422
4294967279,324
4294967279,540
4294967294,6
4294967278,132
4294967278,131
4294967278,130
4294967278,129
4294967278,128
4294967278,127
4294967278,374
4294967278,126
4294967278,442
4294967278,125
4294967278,124
4294967278,272
4294967278,123
4294967278,122
4294967278,121
4294967278,120
4294967278,119
4294967278,118
4294967278,117
4294967278,116
4294967278,115
4294967278,266
4294967278,114
4294967278,113
4294967278,380
4294967278,112
4294967278,290
4294967278,111
4294967278,110
4294967278,137
4294967278,109
4294967278,108
4294967278,107
4294967278,259
4294967278,106
4294967278,105
4294967278,104
4294967278,370
4294967278,103
4294967278,404
4294967278,102
4294967278,291
4294967278,101
4294967278,395
4294967278,100
4294967278,99
4294967278,319
4294967278,98
4294967278,97
4294967278,382
4294967278,96
4294967278,95
4294967278,94
4294967278,394
4294967278,93
4294967278,92
4294967278,91
4294967278,90
4294967278,89
4294967278,286
4294967278,87
4294967278,318
4294967278,86
4294967278,280
4294967278,85
4294967278,84
4294967278,338
4294967278,83
4294967278,82
4294967278,81
4294967278,80
4294967278,79
4294967278,337
4294967278,78
4294967278,77
4294967278,76
4294967278,75
4294967278,74
4294967278,275
4294967278,73
4294967278,312
4294967278,72
4294967278,401
4294967278,71
4294967278,70
4294967278,388
4294967278,69
4294967278,68
4294967278,67
4294967278,66
4294967278,65
4294967278,64
4294967278,63
4294967278,260
4294967279,517
4294967279,80
4294967279,77
4294967279,74
4294967279,71
4294967279,515
4294967279,68
4294967279,66
4294967279,63
4294967279,60
4294967279,529
4294967279,57
4294967279,55
4294967279,52
4294967279,575
4294967279,49
4294967279,44
4294967279,558
4294967279,43
4294967279,42
4294967279,29
4294967279,27
4294967279,25
4294967279,23
4294967279,21
4294967279,20
4294967279,274
4294967279,16
4294967279,524
4294967279,14
4294967279,13
4294967279,294
4294967279,292
4294967279,10
4294967279,378
4294967279,9
4294967279,8
4294967279,224
4294967279,7
4294967279,6
4294967279,298
4294967279,5
4294967279,4
4294967278,420
4294967278,349
4294967278,0
4294967279,46
4294967294,5
4294967279,157
4294967279,341
4294967279,151
4294967279,323
4294967278,419
4294967279,37
4294967279,554
4294967279,147
4294967279,35
4294967279,526
4294967279,145
4294967279,144
4294967279,142
4294967279,141
4294967279,139
4294967279,322
4294967279,0
4294967279,272
4294967279,136
4294967279,133
4294967279,282
4294967279,315
4294967294,394
4294967294,24
4294967294,7
4294967294,22
4294967294,17
4294967294,67
4294967294,36
4294967294,39
4294967294,41
4294967294,52
4294967294,25
4294967294,26
4294967294,1101
4294967294,83
0,5
4294967278,418
1082,5
1082,4
1082,3
1082,2
1082,1
4294967279,321
4294967279,320
1081,5
1081,4
1081,3
1081,2
1081,1
4294967278,378
1079,6
1079,5
1079,4
1079,3
1079,2
1079,1
4294967279,251
1076,5
1076,4
1076,3
1076,2
1076,1
4294967278,417
1072,6
4294967294,497
4294967278,416
1072,5
1072,4
1072,3
1072,2
1072,1
1071,5
1071,4
1071,3
1071,2
1071,1
4294967279,246
1070,5
1070,4
1070,3
1070,2
1070,1
1069,5
1069,4
1069,3
1069,2
1069,1
1067,4
1067,3
1067,2
1067,1
4294967279,244
4294967278,403
4294967279,242
4294967279,240
4294967279,238
4294967293,131
4294967293,130
4294967293,129
4294967293,128
4294967293,127
4294967293,126
4294967293,125
4294967293,124
4294967293,123
4294967293,122
